#audiozoom_2.txt use for ZOOM recording.

#MIN   MAX       EFFECTLEVEL      VF    AngleWidth     Gain1~~~Gain8
0       1.099      	 0                 0       180             	    0    0  0   0   0  0  0 0
1.1     1.199      	10                0       150             	    1    0  0   0   0  0  0 0
1.2     1.299      	20                0       150           	    2    0  0   0   0  0  0 0
1.3     1.399      	20               10       120            	    3    0  0   0   0  0  0 0
1.4     1.499      	30               10       120            	    4    0  0   0   0  0  0 0
1.5     1.999      	30               20       80              	    5    0  0   0   0  0  0 0
2.0     2.499      	40               30       80             	    6    0  0   0   0  0  0 0
2.5     2.999      	50               40       60             	    7    0  0   0   0  0  0 0
3.0     3.499      	60               50       60            	    8    0  0   0   0  0  0 0
3.5     3.999      	70               60       40            	    9    0  0   0   0  0  0 0
4.0     4.499               80               70       40             	    10  0  0   0   0  0  0 0
4.5     4.999     	 90              90       20             	    11  0  0   0   0  0  0 0
5.0     1000      	100             100       20             	    12  0  0   0   0  0  0 0
